5872 01.02 0001
5872 02.02 0024
6610 01.02 0001
6610 02.02 0024
6779 01.02 0001
6779 02.02 0024
7274 01.02 0001
7274 02.02 0024
7428 01.02 0001
7428 02.02 0024
7510 01.02 0001
7510 02.02 0024
7573 01.02 0001
7573 02.02 0024
7623 01.02 0001
7623 02.02 0024
7694 01.02 0001
7694 02.02 0024
7784 01.02 0001
7784 02.02 0024
8006 01.02 0001
8006 02.02 0024
8747 01.02 0001
8747 02.02 0024
8811 01.02 0001
8811 02.02 0024
8884 01.02 0001
8884 02.02 0024
9407 01.02 0001
9407 02.02 0024
9487 01.02 0001
9487 02.02 0024
9554 01.02 0001
9554 02.02 0024
